lr0: 0.00261
lrf: 0.142
momentum: 0.89242
weight_decay: 0.00058
warmup_epochs: 1.76976
warmup_momentum: 0.63585
warmup_bias_lr: 0.0747
box: 0.04026
cls: 0.22009
cls_pw: 0.88083
obj: 0.673
obj_pw: 0.575
iou_t: 0.2
anchor_t: 2.81084
anchors: 2.0
fl_gamma: 0.0
hsv_h: 0.03393
hsv_s: 0.51102
hsv_v: 0.31328
degrees: 0.0
translate: 0.0802
scale: 0.7145
shear: 0.0
perspective: 0.1
flipud: 0.5
fliplr: 0.5
mosaic: 0.0
mixup: 0.0
